20.61
20.08
20.41
20.49
20.08
20.08
20.08
20.08
20.08
20.08
20.08
20.08
20.08
20.08
20.49
20.49
20.08
20.41
20.37
20.08
20.49
20.08
20.08
20.08
20.08
20.49
20.97
20.49
20.49
20.49
20.51
20.41
20.08
20.08
20.08
20.49
20.51
20.97
20.97
20.49
20.49
20.49
20.49
20.08
20.41
20.00
20.02
20.49
20.08
19.66
20.08
20.08
20.51
20.51
20.08
20.93
20.93
20.08
20.41
20.41
19.66
20.08
20.08
20.08
20.08
20.08
20.08
20.12
20.08
20.51
20.97
20.49
20.08
19.98
20.08
20.08
20.08
20.08
20.08
20.08
20.08
20.49
20.49
20.08
20.08
20.08
20.08
19.98
20.08
20.08
20.08
20.08
20.08
20.08
20.08
20.49
20.49
20.08
20.08
20.00
20.49
20.08
20.08
20.49
20.49
20.08
20.08
20.51
20.49
19.98
20.08
20.08
20.08
20.08
20.08
20.08
20.08
20.08
20.08
20.08
20.00
20.49
20.08
20.08
20.08
20.97
20.97
20.49
20.97
20.97
20.85
20.08
20.08
20.08
20.56
20.08
20.54
20.08
20.08
20.08
20.08
20.08
20.08
20.08
20.08
20.08
20.08
19.69
20.08
20.08
20.08
20.08
20.08
20.08
20.08
20.08
20.08
20.08
20.12
20.08
20.49
20.49
20.49
21.36
20.85
20.85
19.69
19.69
20.08
20.08
20.49
20.49
20.90
20.49
20.54
19.69
20.08
20.08
20.08
20.08
20.08
20.08
20.08
20.51
20.97
20.49
20.49
20.08
20.49
20.49
19.54
19.64
20.49
20.49
20.49
20.08
20.08
20.08
20.08
20.08
20.08
19.98
20.08
20.08
20.08
20.08
20.49
20.08
20.51
20.08
20.49
19.98
20.41
20.49
20.51
20.08
20.49
20.08
20.08
20.08
20.08
20.08
20.08
20.08
20.08
20.08
20.08
20.49
20.49
20.08
20.08
20.08
20.00
20.08
20.08
20.49
20.49
20.49
20.49
20.49
20.49
20.51
20.07
20.08
19.69
19.62
20.08
20.08
20.49
20.08
20.08
20.08
20.08
20.08
19.69
19.69
19.59
19.57
20.08
19.69
20.08
20.08
20.97
20.97
20.97
20.93
20.97
20.97
20.93
20.97
20.85
20.85
20.49
20.97
20.97
20.93
19.69
19.69
20.08
20.08
20.08
20.08
20.08
20.41
20.37
20.08
20.08
20.08
20.08
20.08
20.08
20.08
20.08
20.08
20.08
20.41
20.00
20.08
20.49
20.08
20.08
20.08
20.49
13.11
10.05
9.93
20.51
12.90
10.28
8.57
7.68
7.80
8.57
7.78
7.75
13.47
5.86
7.43
7.63
7.94
5.96
5.98
5.55
5.43
5.55
5.91
5.55
5.55
5.93
6.01
6.01
5.98
7.19
5.83
6.34
6.42
5.98
6.86
6.68
6.83
7.19
56.14
9.64
12.63
20.93
15.90
18.47
16.78
20.49
20.97
20.08
20.85
20.90
20.08
20.12
20.49
20.49
20.08
20.08
20.49
20.08
19.98
20.51
20.08
20.08
20.08
20.08
20.08
20.08
20.08
20.41
20.37
20.49
20.51
20.49
20.49
20.49
20.49
20.08
20.08
20.49
20.49
20.49
20.41
20.41
20.49
20.51
20.08
20.08
20.41
20.08
20.05
19.69
20.51
20.85
19.22
20.92
9.62
9.23
8.14
7.43
7.27
10.25
5.69
7.03
6.83
6.90
7.90
6.42
5.66
5.96
6.00
5.55
5.96
5.40
5.91
5.47
5.47
5.43
5.71
6.22
6.64
6.68
6.73
5.43
5.86
7.14
6.71
7.90
8.33
10.61
8.91
12.05
20.49
20.90
19.69
20.05
20.49
20.49
20.49
20.02
20.51
20.51
20.92
20.51
20.51
20.51
20.49
20.92
20.80
20.37
20.90
20.51
20.49
20.49
20.49
20.49
20.49
20.92
20.49
20.80
20.08
20.49
20.49
20.05
20.08
19.62
20.90
20.08
20.08
10.71
8.43
9.69
7.97
7.48
7.43
6.51
7.39
5.86
6.27
6.98
6.56
7.03
6.22
5.42
5.86
5.47
5.50
5.98
5.55
6.00
5.60
6.06
5.66
6.35
6.42
6.42
6.37
6.20
6.98
8.91
7.27
9.06
7.85
9.26
9.93
19.93
11.68
20.44
19.28
20.49
20.12
20.08
20.51
20.05
20.49
20.49
20.49
20.49
20.41
20.49
20.12
20.49
20.51
20.49
20.12
20.51
20.51
20.37
20.51
20.49
20.08
20.49
20.49
20.49
20.49
20.49
20.51
20.49
20.49
20.41
20.49
20.49
20.49
20.49
20.49
20.51
20.51
20.49
20.49
20.12
20.49
20.08
20.08
20.08
20.08
20.49
19.62
20.08
20.08
20.51
20.97
12.19
10.25
7.61
7.14
6.63
8.16
5.55
6.63
6.63
6.98
6.12
6.20
5.76
5.26
5.55
5.20
5.15
5.55
5.50
5.47
6.71
5.86
5.96
5.15
6.37
6.71
6.78
8.41
7.65
9.54
20.49
19.22
20.05
20.05
20.49
20.90
20.37
20.37
20.49
20.05
20.49
20.92
20.51
20.49
20.90
20.49
20.90
20.49
20.92
20.92
20.37
20.37
20.51
20.90
20.49
20.49
20.90
20.49
20.92
20.90
20.92
20.92
20.41
20.51
20.42
20.49
20.49
20.49
20.49
20.05
20.90
20.05
20.49
20.92
20.51
20.92
19.54
20.49
19.22
20.49
20.44
8.82
10.91
7.97
8.57
6.98
7.39
5.86
7.77
6.91
7.39
7.03
6.20
6.27
6.22
6.37
5.91
6.00
5.96
6.51
6.12
6.42
8.46
7.19
6.83
7.77
6.47
7.68
6.83
7.70
11.05
9.19
17.23
20.48
19.64
21.36
20.08
19.18
20.51
20.49
19.98
20.49
20.49
20.49
20.49
20.44
20.49
20.51
20.49
20.49
20.49
20.49
20.49
20.51
20.51
20.41
20.49
20.92
20.49
20.49
20.49
20.51
20.51
20.49
20.41
20.08
20.51
20.51
20.49
20.49
20.51
20.49
20.51
20.49
20.41
20.49
20.48
20.08
20.49
21.26
20.05
17.99
19.62
21.80
12.51
10.28
8.41
7.80
8.68
6.71
11.08
7.43
14.71
6.68
6.78
7.07
6.93
6.51
6.35
6.42
6.27
6.32
7.14
6.98
9.01
11.15
6.20
8.29
7.80
9.42
10.64
9.18
10.28
10.54
20.49
20.49
19.62
20.90
20.08
20.49
20.49
20.51
20.90
20.49
20.49
20.49
20.49
20.49
20.49
20.92
20.49
20.92
20.37
20.51
20.90
20.49
20.51
20.49
20.51
20.49
20.90
20.49
20.51
20.41
20.80
20.37
20.42
20.49
20.51
20.49
20.49
20.49
20.49
20.49
20.49
20.37
20.41
20.48
20.51
20.49
20.90
20.08
19.64
20.49
10.61
7.22
8.22
9.28
7.34
6.51
8.11
5.77
8.33
7.34
6.29
6.35
5.43
6.06
6.12
6.15
5.64
6.22
6.15
6.32
6.78
7.78
6.68
7.77
5.91
6.32
7.75
7.80
7.85
8.46
14.55
15.42
14.35
20.05
20.92
20.12
20.12
19.62
20.49
20.49
20.51
20.92
20.49
20.49
20.51
20.51
20.49
20.49
20.49
20.49
20.49
20.49
20.51
20.49
20.49
20.08
20.51
20.49
20.51
20.49
20.41
20.49
20.49
20.51
20.49
20.51
20.49
20.49
20.49
20.12
20.41
20.49
20.49
19.98
20.49
20.05
19.23
20.92
21.36
20.51
14.86
8.46
7.80
6.91
6.93
9.84
5.86
7.39
6.54
6.83
7.39
5.35
6.06
6.12
5.50
6.00
5.96
5.91
5.71
5.76
6.47
6.98
7.43
5.47
6.57
6.47
9.13
8.33
8.68
9.18
20.49
20.05
20.92
20.49
20.37
20.49
20.90
20.49
20.92
20.92
20.05
20.41
20.49
20.49
20.51
20.49
20.49
20.49
20.51
20.49
20.49
20.49
20.49
20.41
20.49
20.51
20.49
20.08
20.49
20.90
20.49
20.92
20.90
20.49
20.49
20.37
20.37
20.49
20.49
20.49
20.51
20.08
20.51
20.49
20.49
20.51
20.08
20.92
20.00
20.08
20.00
9.93
9.98
10.64
9.01
7.75
6.98
7.94
5.91
7.07
9.33
7.75
7.03
7.03
5.60
6.18
6.22
5.83
6.32
5.93
6.32
6.01
6.06
6.00
6.91
9.23
6.42
7.29
7.03
7.80
7.19
6.86
8.92
9.19
9.59
22.64
17.91
20.90
20.41
19.62
21.33
19.22
20.49
20.08
20.41
20.49
20.41
20.12
20.92
20.49
20.97
20.90
20.08
20.49
20.92
20.49
20.05
20.49
20.51
20.49
20.51
20.49
20.92
20.49
20.49
20.49
20.49
20.49
20.49
20.49
20.49
20.49
20.49
20.08
20.49
20.08
20.49
20.97
20.12
20.80
20.08
19.18
16.02
10.05
9.42
7.12
7.19
7.77
6.42
6.78
7.19
6.35
5.86
5.86
5.79
5.77
6.12
5.62
5.98
5.91
6.57
8.28
5.55
6.71
7.75
7.80
8.50
8.92
20.49
20.49
20.51
20.49
20.90
19.98
20.05
20.49
20.92
20.92
20.90
20.90
20.92
20.90
20.90
20.92
20.49
20.51
20.80
20.80
20.49
20.90
20.49
20.90
20.51
20.90
20.49
20.49
20.90
20.90
20.49
20.80
20.42
20.51
20.90
20.51
20.90
20.49
20.92
20.92
20.51
20.92
20.92
20.05
20.05
20.41
20.41
19.69
20.90
19.62
20.97
19.62
20.49
9.28
11.76
7.63
7.75
7.70
6.71
7.58
7.75
7.08
6.69
6.71
6.22
6.37
6.42
6.42
6.49
6.42
6.51
8.12
7.19
7.27
6.93
8.16
7.26
7.63
8.97
11.68
21.65
20.92
20.49
20.08
20.02
20.51
20.02
20.49
20.08
20.49
20.49
20.51
20.49
20.49
20.49
20.51
20.05
20.49
20.90
20.90
20.49
20.90
20.92
20.80
20.49
20.92
20.08
20.49
20.41
20.49
20.49
20.49
20.49
20.90
20.92
20.49
20.51
20.05
20.80
20.51
20.90
20.92
20.12
20.49
20.90
20.05
20.08
20.90
20.08
19.20
20.54
11.25
9.08
8.05
8.41
8.82
6.98
9.59
6.78
7.54
6.35
6.37
6.22
6.27
6.54
6.12
6.47
5.98
6.32
7.12
7.77
7.90
5.86
6.83
12.07
9.36
8.00
10.05
19.95
20.92
20.12
20.51
20.92
20.05
20.05
20.92
20.05
20.92
20.92
20.90
20.90
20.90
20.92
20.92
20.90
20.90
20.90
20.92
20.92
20.90
20.90
20.92
20.90
20.90
20.90
20.92
20.90
20.92
20.92
20.90
20.92
20.49
20.90
20.90
20.92
20.49
20.90
20.80
20.80
20.51
20.51
20.51
20.90
20.90
20.90
20.51
20.90
20.44
20.08
20.05
10.73
7.68
8.62
7.29
6.86
6.86
5.77
7.75
6.37
6.06
6.51
5.71
5.76
5.40
5.35
5.50
5.98
5.91
5.98
7.54
6.35
6.42
5.55
6.83
6.27
8.05
8.97
9.28
21.77
20.05
20.80
19.64
20.05
20.90
20.92
20.49
20.49
20.49
20.92
20.90
20.92
20.37
20.49
20.05
20.90
20.90
20.49
20.51
20.90
20.92
20.49
20.49
20.49
20.90
20.49
20.92
20.49
20.49
20.51
20.51
20.49
20.51
20.90
20.49
20.51
20.51
20.51
20.12
20.90
20.49
20.05
10.96
9.18
11.87
6.32
7.29
5.60
6.40
7.22
6.32
6.86
5.91
6.78
5.83
5.71
5.66
5.06
5.40
6.32
5.76
5.96
5.15
7.03
6.71
7.22
7.58
9.59
19.23
20.78
20.92
20.92
20.41
20.49
20.05
20.92
20.90
20.92
20.90
20.92
20.92
20.92
20.92
20.80
20.92
20.90
20.92
20.92
20.90
20.92
20.92
20.90
20.49
20.78
20.92
20.92
20.49
20.90
20.49
20.90
20.92
20.92
20.92
20.37
20.51
20.90
20.49
20.49
20.51
20.49
20.49
20.49
20.49
20.49
20.37
20.51
20.92
20.49
20.49
20.92
19.22
20.08
20.05
12.36
7.58
6.37
6.98
6.47
6.06
5.42
6.12
6.12
6.57
5.66
5.79
5.47
5.50
4.99
5.55
6.06
5.66
5.64
6.32
6.42
6.42
6.15
6.15
6.76
6.91
7.71
7.90
21.68
19.13
20.90
20.49
20.90
20.49
20.49
20.49
20.49
20.49
20.49
20.49
20.90
20.49
20.49
20.49
20.49
20.44
20.02
20.51
20.49
20.92
20.49
20.90
20.49
20.90
20.05
20.90
20.90
20.90
20.37
20.41
20.49
20.49
20.49
20.49
20.49
20.49
20.49
20.90
20.49
20.85
20.41
20.37
20.41
20.49
20.49
20.49
20.08
20.49
20.05
20.08
19.64
16.02
9.98
8.92
7.58
6.78
10.05
6.51
7.14
6.37
8.00
6.83
8.00
7.65
7.19
5.91
5.86
5.79
6.18
6.12
6.93
6.47
7.75
6.06
6.98
6.42
7.27
8.41
7.90
9.42
21.36
20.44
20.49
20.49
20.92
20.92
20.87
20.44
20.92
20.92
20.90
20.90
20.90
20.90
20.90
20.83
20.80
20.80
20.92
20.90
20.92
20.90
20.92
20.90
20.92
20.90
20.90
20.80
20.90
20.92
20.49
20.90
20.92
20.90
20.90
20.90
20.90
20.92
20.92
20.90
20.90
20.92
20.90
20.90
20.92
20.92
20.90
20.92
20.90
20.90
20.92
20.90
20.90
20.92
20.92
20.90
20.92
20.80
20.90
20.92
20.90
20.92
20.92
20.92
20.90
20.92
20.92
20.90
20.80
20.92
20.90
20.90
20.90
20.92
20.92
20.92
20.92
20.51
20.80
20.92
20.49
20.51
20.49
20.49
20.49
20.51
20.49
20.37
20.49
20.49
20.49
20.49
20.92
20.44
20.49
20.49
19.93
20.90
20.49
20.49
20.49
20.49
20.49
20.49
20.51
20.49
20.49
20.49
20.37
20.49
20.49
20.49
20.51
20.49
20.49
20.49
20.49
20.51
20.41
20.49
20.51
20.49
20.51
20.49
20.49
20.49
20.51
20.49
