0.00
19.51
19.51
19.51
19.51
19.51
19.51
19.51
19.51
19.51
19.51
19.51
19.51
19.98
19.98
19.98
19.98
19.98
19.98
19.98
19.98
19.98
19.98
19.98
19.98
19.98
19.98
19.98
19.98
19.98
19.98
19.98
19.98
19.98
19.98
19.98
19.98
19.98
19.98
19.98
19.98
19.98
19.98
19.98
19.98
19.98
19.98
19.98
19.98
19.98
19.98
19.98
19.98
19.98
19.98
19.98
19.98
19.98
19.98
19.98
19.98
19.98
19.98
19.98
19.62
19.62
19.62
19.62
19.62
19.62
19.62
19.62
19.62
19.62
19.62
19.62
19.98
19.95
19.95
19.95
19.95
19.95
19.95
19.95
19.95
19.95
19.95
19.95
19.95
19.95
19.95
19.95
19.95
19.95
19.95
19.95
19.95
19.95
19.56
19.56
19.56
19.56
19.56
19.56
19.56
19.56
19.56
19.56
19.56
19.56
19.56
19.56
19.56
19.56
19.95
19.95
19.95
19.95
19.95
19.95
19.95
19.95
19.95
19.95
19.95
19.95
19.95
19.95
19.95
19.95
19.95
19.95
19.95
19.95
19.95
19.95
19.95
19.95
19.95
19.95
19.95
19.98
19.98
19.98
19.98
19.98
19.98
19.98
19.98
19.98
19.98
19.98
19.98
19.98
19.98
19.98
19.98
19.98
19.98
19.98
19.98
19.98
19.98
19.98
19.98
19.98
19.98
19.98
19.98
19.98
19.98
19.98
19.98
19.98
19.98
19.98
19.98
19.98
19.98
19.98
19.98
19.98
19.98
19.98
19.98
19.98
19.98
19.98
19.98
19.98
19.98
19.98
19.95
19.95
19.95
19.95
19.95
19.95
19.95
19.95
19.95
19.95
19.95
19.95
19.95
19.95
19.95
19.95
19.95
19.95
19.95
19.95
19.95
19.95
19.95
19.95
19.95
19.95
19.95
19.95
19.95
19.95
19.95
19.95
19.95
19.62
19.62
19.62
19.62
19.62
19.62
19.62
19.62
19.62
19.62
19.98
19.62
19.62
19.62
19.62
19.62
19.62
19.62
19.62
19.62
19.62
19.62
19.62
19.62
19.62
19.62
19.62
19.62
19.62
19.62
19.62
19.62
19.62
19.62
19.62
19.62
19.62
19.62
19.62
19.98
19.98
19.98
19.98
19.98
19.98
19.98
19.98
19.98
19.98
19.98
19.98
19.98
19.62
19.62
19.62
19.62
19.62
19.62
19.98
19.98
19.98
19.98
19.98
19.95
19.95
19.95
19.95
19.95
19.95
19.95
19.95
19.95
19.95
19.95
19.95
19.95
19.95
19.95
19.95
19.95
19.98
19.98
19.98
19.98
19.98
19.98
19.98
19.98
19.98
19.98
19.98
19.98
19.98
19.98
19.98
19.98
19.98
19.98
19.98
19.98
19.98
19.98
19.98
19.98
19.98
19.98
19.98
19.98
19.98
19.98
19.98
19.98
19.98
19.98
19.98
19.98
19.98
19.98
19.59
19.59
19.59
19.59
19.95
19.95
19.95
19.95
19.95
19.95
19.95
19.95
19.95
19.95
19.95
19.95
19.95
19.95
19.95
19.95
19.95
19.95
19.95
19.95
19.95
19.95
19.95
19.95
19.95
19.95
19.95
19.95
19.95
19.95
19.95
19.95
19.95
19.95
19.95
19.95
19.95
19.95
19.95
19.95
19.95
19.95
19.95
19.95
19.95
19.95
19.95
19.95
19.95
19.95
19.95
19.95
19.95
19.95
19.95
19.95
19.95
19.95
19.95
19.95
19.95
19.95
19.95
19.95
19.95
19.95
19.95
19.95
19.95
19.95
19.95
19.95
19.95
19.95
19.98
19.98
19.98
19.98
19.98
19.62
19.62
19.62
19.66
19.66
19.66
19.66
19.62
19.62
19.62
19.62
19.62
19.62
19.62
19.62
19.62
19.62
19.51
19.62
19.62
19.62
19.62
19.56
19.62
19.22
19.98
19.69
19.69
19.69
19.69
19.69
19.69
19.69
19.69
19.69
19.69
19.69
19.22
19.51
19.51
19.51
19.51
19.51
19.51
19.51
19.22
19.69
19.69
19.69
19.69
19.69
19.62
19.62
19.62
19.62
19.62
19.93
19.62
19.22
19.22
18.47
18.47
18.47
18.47
18.47
18.47
18.47
18.47
18.47
18.47
18.47
18.47
18.47
18.47
18.47
19.22
19.22
19.22
19.22
19.22
19.22
19.62
19.62
19.62
19.62
19.69
18.42
18.42
18.42
18.42
19.66
19.66
19.66
19.62
19.62
19.62
19.62
19.62
19.62
19.62
19.62
19.62
19.62
19.62
19.62
19.62
19.62
19.62
19.62
19.62
19.62
19.62
19.62
19.62
19.62
19.62
19.62
19.62
19.62
19.62
19.62
19.62
19.62
19.62
19.62
19.62
19.62
19.62
19.62
19.62
19.62
19.62
19.62
19.62
19.62
19.62
19.62
19.62
19.62
19.22
19.98
19.62
19.11
19.11
19.11
19.11
18.35
19.22
19.64
17.75
8.41
7.70
10.44
6.35
6.27
7.97
5.96
5.98
6.32
6.71
7.54
6.35
5.96
5.83
5.84
6.15
6.20
5.77
5.71
6.12
5.64
5.08
6.47
6.47
5.91
7.22
6.47
7.70
8.46
7.63
8.36
8.36
19.15
19.15
19.15
19.15
19.15
19.15
19.15
19.15
19.98
19.62
19.62
14.59
19.27
8.55
7.70
7.12
6.63
5.96
5.62
7.07
6.20
6.78
6.34
5.47
5.60
5.55
5.66
5.30
5.66
5.79
5.86
5.50
5.86
6.01
6.35
7.07
6.37
6.64
6.47
6.06
7.94
6.37
6.35
9.42
10.28
10.28
18.71
19.98
18.71
19.22
16.68
16.68
19.27
19.62
19.22
18.79
19.22
19.98
19.98
19.66
19.66
19.66
19.66
19.66
19.66
19.66
19.66
19.66
19.62
19.62
19.62
19.62
19.62
19.22
19.22
19.22
19.22
19.22
19.22
19.22
10.13
13.40
6.80
7.29
7.12
6.91
5.60
6.42
6.83
7.12
6.76
5.47
5.55
5.96
5.91
5.84
5.79
5.35
5.66
6.12
5.66
5.60
6.37
6.00
6.42
7.65
6.22
6.98
6.47
8.00
8.85
8.85
8.85
8.85
8.85
8.85
8.85
19.62
19.62
19.62
19.62
19.62
19.62
19.62
19.62
10.76
8.33
8.11
7.34
6.15
6.56
5.11
5.91
8.33
6.22
6.12
6.15
5.84
5.49
4.99
5.15
5.20
5.64
5.25
6.06
5.76
5.64
6.22
6.22
6.15
6.91
6.00
6.12
7.39
5.47
7.43
7.43
6.91
7.54
7.51
9.21
8.68
16.37
17.50
17.50
17.50
18.77
18.77
19.22
19.62
19.62
19.62
19.62
19.22
19.62
19.62
19.62
19.62
19.62
19.62
19.62
19.62
19.62
19.62
19.62
19.62
19.62
19.62
19.62
19.62
19.62
19.98
19.98
19.95
19.95
19.95
17.07
17.07
17.99
17.99
9.18
9.18
6.83
6.86
7.65
6.22
6.47
6.32
7.63
5.50
5.62
5.84
5.91
5.86
5.83
5.71
5.64
5.60
5.96
6.27
6.37
6.86
5.71
6.35
9.06
9.18
9.18
9.18
19.22
19.22
19.22
19.62
19.62
19.62
19.62
19.62
19.62
19.62
19.62
6.71
6.47
7.39
10.90
6.06
7.58
4.99
5.08
9.93
5.91
5.40
5.50
5.55
5.15
5.60
4.69
4.84
5.30
5.35
5.40
5.35
5.50
5.49
6.63
5.91
5.79
6.86
5.60
7.70
6.71
6.86
12.26
7.94
12.61
12.61
16.07
15.01
14.20
14.20
20.00
19.91
19.62
19.62
17.19
17.19
17.19
17.19
17.19
19.66
19.66
19.66
19.66
19.66
19.66
19.66
19.93
18.42
19.69
18.86
18.86
18.86
18.86
18.86
17.94
17.94
17.94
17.94
15.92
12.84
9.33
7.80
8.26
8.65
7.12
10.69
7.43
7.77
7.34
6.63
6.01
6.06
6.00
5.86
5.91
6.22
6.27
6.12
7.03
8.16
8.05
7.14
6.78
8.14
8.05
8.05
8.72
8.72
18.42
18.42
18.42
18.42
18.42
18.42
8.41
8.41
6.83
6.83
6.06
6.42
6.32
7.54
6.15
6.27
5.86
5.91
5.96
5.55
5.49
6.06
6.01
6.63
6.15
8.11
6.91
6.80
6.68
7.39
10.18
7.90
7.85
11.97
13.48
18.37
14.69
14.95
14.95
14.95
14.95
14.95
14.95
14.95
14.95
14.95
14.95
14.95
14.95
19.62
19.62
19.62
19.62
19.62
19.62
19.62
19.62
19.62
19.62
19.62
19.62
19.62
19.62
19.62
19.62
19.62
19.62
19.66
17.06
18.42
15.42
18.47
12.50
10.79
7.58
8.26
9.18
6.83
7.14
7.07
11.97
6.27
6.73
6.27
6.15
6.20
6.06
6.12
6.00
6.06
6.35
6.40
8.33
6.57
7.94
8.26
8.26
8.26
8.26
8.26
8.26
19.62
19.62
19.62
19.62
19.57
19.57
7.19
7.19
7.22
5.86
7.34
5.76
7.29
6.35
6.00
6.06
5.83
5.76
5.50
5.96
6.00
6.06
6.12
6.91
6.86
6.47
10.08
6.68
6.93
7.39
9.11
10.13
18.77
19.62
19.18
17.84
19.98
12.51
12.51
12.51
18.79
18.79
18.79
18.79
18.79
18.79
18.79
19.18
19.27
19.27
19.66
19.66
19.66
19.22
19.22
19.22
19.22
19.22
19.22
19.22
19.22
13.36
16.92
10.93
10.93
7.43
7.94
7.78
6.42
11.61
7.54
8.21
7.14
6.71
6.68
6.63
6.01
6.06
6.01
5.86
5.91
6.61
7.54
7.44
8.77
7.77
8.33
8.29
8.29
8.29
8.29
8.29
8.29
8.29
8.29
8.29
8.29
19.62
6.32
5.86
5.83
8.05
5.55
5.60
4.72
5.35
4.91
5.06
5.11
5.15
4.72
5.04
5.13
5.98
5.62
6.63
5.40
8.57
11.49
7.48
8.82
13.79
18.35
18.77
18.77
16.72
16.72
19.62
19.62
19.62
19.62
19.62
19.57
19.57
19.57
19.57
19.57
19.62
19.20
19.27
19.66
19.66
19.66
19.66
19.66
19.66
19.66
19.98
19.98
19.98
19.22
19.22
19.22
19.22
19.22
11.70
9.89
9.84
7.78
8.26
8.55
6.42
10.28
6.63
7.07
7.00
5.91
6.34
5.86
6.20
5.66
5.60
6.06
5.96
6.01
6.78
6.83
8.05
6.63
7.22
7.78
8.87
9.72
19.66
18.77
19.98
19.98
19.98
19.98
19.66
19.66
18.76
9.47
7.22
7.43
6.93
6.47
10.85
4.99
6.98
6.56
6.15
6.06
5.79
5.42
5.35
5.50
5.43
5.62
5.96
6.12
6.18
6.15
6.93
5.96
6.51
9.71
5.86
8.46
7.43
7.39
8.41
8.92
9.57
9.57
9.57
18.35
18.35
17.07
17.07
18.76
18.76
19.91
19.91
19.66
19.66
19.66
19.66
19.66
19.66
19.66
19.66
19.66
19.66
19.66
19.66
19.66
18.06
14.20
16.22
9.64
9.21
8.65
8.46
6.71
7.19
7.63
6.06
6.35
6.20
8.29
6.27
5.96
5.50
5.79
5.76
5.40
5.79
5.79
6.12
5.76
6.51
6.54
6.63
8.34
6.71
7.14
6.78
9.28
13.33
10.69
10.69
10.69
10.69
10.69
10.69
19.66
19.22
19.22
9.64
14.18
6.78
6.78
5.71
6.71
6.27
6.27
5.86
6.00
5.96
5.66
5.71
6.22
6.12
6.27
6.32
6.56
7.49
6.98
7.85
6.83
6.42
7.90
6.63
7.65
11.05
11.25
14.79
18.79
19.62
19.62
16.83
15.83
19.51
19.15
19.15
19.15
19.93
19.95
19.95
19.20
18.40
19.27
18.86
18.86
18.86
18.86
18.86
18.86
19.27
19.27
19.27
19.66
19.22
19.62
19.62
18.82
18.82
19.62
17.07
17.07
15.92
12.05
9.21
8.33
7.03
9.01
5.86
7.83
6.40
8.11
6.80
6.56
6.06
6.12
5.96
5.62
5.50
5.55
5.55
6.35
6.42
7.22
7.97
7.97
7.43
9.36
9.98
9.98
9.98
9.98
9.98
9.98
19.22
11.85
10.06
8.36
7.43
7.85
6.37
7.77
7.14
7.19
6.22
6.37
5.96
5.96
6.01
6.00
6.06
6.54
6.56
6.44
8.55
6.83
7.39
7.58
6.73
8.97
7.85
7.80
9.77
17.55
18.42
17.50
17.50
19.57
15.86
19.62
19.57
19.51
19.51
19.51
19.51
19.20
19.20
19.20
19.62
15.05
19.69
19.69
19.69
19.62
18.72
19.22
19.66
19.27
19.66
19.66
19.66
19.66
19.62
19.62
19.62
19.66
19.62
19.62
19.62
19.69
19.20
19.20
19.20
10.22
9.13
8.50
8.41
8.82
7.03
8.11
7.65
8.51
6.93
6.83
6.86
6.32
6.35
6.32
6.27
6.63
6.57
6.98
6.91
7.15
9.72
7.27
10.64
10.64
18.82
18.82
18.82
18.82
18.82
18.82
18.82
18.82
9.54
7.29
7.29
6.83
6.27
6.47
5.69
6.42
6.42
5.71
6.22
5.86
5.91
5.50
5.43
5.60
6.06
6.47
6.86
6.76
9.01
6.63
10.69
7.75
13.91
10.69
8.82
8.82
18.82
16.37
15.97
19.22
19.22
19.22
19.22
19.22
19.22
19.22
19.22
19.22
19.22
19.22
19.22
19.22
19.22
19.22
19.66
19.66
19.66
19.66
19.66
19.22
19.22
19.22
18.82
18.82
18.82
18.82
16.26
18.76
16.77
9.99
7.75
7.65
7.07
8.05
5.91
7.58
7.12
8.29
6.32
5.76
5.79
6.06
6.12
5.96
6.01
5.89
6.32
6.61
6.97
8.26
6.32
8.34
9.36
9.36
19.66
19.62
19.98
19.98
19.98
19.98
19.98
19.98
19.62
6.51
6.05
7.27
6.06
6.06
5.25
5.35
5.40
5.04
5.43
5.60
5.66
5.69
6.12
5.96
6.05
7.34
5.86
9.26
6.91
7.39
7.19
9.36
14.95
19.98
17.80
17.80
17.80
19.22
18.79
19.62
19.62
19.62
19.27
19.69
19.66
19.69
19.69
19.57
19.57
19.57
19.57
19.66
19.66
19.66
19.66
19.66
19.22
19.22
18.77
18.77
18.77
13.43
9.82
8.82
7.90
8.16
6.83
6.37
6.68
6.63
6.98
6.27
5.71
5.76
5.71
5.20
5.13
5.43
5.91
6.71
6.68
6.35
6.35
7.48
8.57
12.51
19.22
19.22
19.22
19.22
19.22
6.83
6.37
5.91
6.01
8.75
5.40
5.98
5.15
5.20
5.26
5.30
5.35
5.40
5.47
5.40
5.50
6.71
5.50
6.40
5.15
9.64
6.32
6.91
8.29
8.36
16.56
19.57
15.12
15.12
15.12
15.12
14.59
14.59
19.62
19.22
19.18
19.62
19.62
19.62
19.62
19.62
19.62
19.62
19.62
19.27
19.27
19.27
19.27
19.66
18.04
18.04
19.62
19.62
19.62
19.62
19.22
19.22
19.22
19.22
19.22
19.98
19.98
19.98
19.98
19.98
19.98
19.98
19.98
19.98
19.98
19.98
19.98
19.98
19.98
19.98
19.98
19.98
19.98
19.98
19.98
19.98
19.98
19.98
19.98
19.98
19.98
19.98
19.98
19.98
19.98
19.98
19.98
19.98
19.98
19.98
19.98
19.98
19.98
19.98
19.98
19.98
19.98
19.98
19.98
19.98
19.98
19.98
19.98
19.98
19.98
19.98
19.98
19.98
19.98
19.98
19.98
19.98
19.98
19.98
19.98
19.98
19.98
19.98
19.98
19.98
19.98
19.98
19.98
19.98
19.98
19.98
19.98
19.98
19.98
19.98
19.98
19.98
19.98
19.98
19.98
19.98
19.98
19.98
19.98
19.98
19.98
19.98
19.98
19.98
19.98
19.98
19.98
19.98
19.98
19.98
19.98
19.98
19.98
19.98
19.98
19.98
19.98
19.98
19.98
19.98
19.98
19.98
19.98
19.98
19.98
19.98
19.98
19.98
19.98
19.98
19.98
19.98
19.98
19.98
19.98
19.98
19.98
19.98
19.98
19.98
19.98
19.98
19.98
19.98
19.98
19.98
19.98
19.98
19.98
19.98
19.98
19.98
19.98
19.98
19.98
19.98
19.98
19.98
19.98
19.98
19.98
19.98
19.98
19.98
19.98
19.98
19.98
19.98
19.98
19.98
19.98
19.98
19.98
19.98
19.98
19.98
19.98
19.98
19.98
19.98
19.98
19.98
19.98
19.98
19.98
19.98
19.98
19.98
19.98
19.98
19.98
19.98
19.98
19.98
19.98
19.98
19.98
19.98
19.98
19.98
19.98
19.98
19.98
19.98
19.98
19.98
19.98
19.98
19.98
19.98
19.98
19.98
19.98
19.98
19.98
19.98
19.98
19.98
19.98
19.98
19.98
19.98
19.98
19.98
19.98
19.98
19.98
19.98
19.98
19.98
19.98
19.98
19.98
19.98
19.98
19.98
19.98
19.98
19.98
19.98
19.98
19.98
19.98
19.98
19.98
19.98
19.98
19.98
19.98
19.98
19.98
19.98
19.98
19.98
19.98
19.98
19.98
19.98
19.98
19.98
19.98
19.98
19.98
19.98
19.98
19.98
19.98
19.98
19.98
19.98
19.98
19.98
